##############################################
*ViewName        a3
*ProjectionType  Orthographic
*Matrix          -0.122193 0.845862 -0.519218 0.000000 -0.982186 -0.027810 0.185843 0.000000 0.142759 0.532676 0.834192 0.000000 667.039795 -269.987793 -170.695679 1.000000
*ClippingRegion       1003.868103 1172.097900 984.309814 1082.696655 -577.006958 682.526184
*WithMasking true
##############################################
*ViewName        a4
*ProjectionType  Orthographic
*Matrix          -0.837713 -0.493851 -0.233127 0.000000 -0.542327 0.702135 0.461397 0.000000 -0.064175 0.512949 -0.856018 0.000000 1791.628540 1395.219971 1380.347778 1.000000
*ClippingRegion       1014.618347 1161.347656 990.596924 1076.409546 -577.006958 682.526184
*WithMasking true
##############################################
*ViewName        a1
*ProjectionType  Orthographic
*Matrix          0.707107 0.353553 -0.612372 0.000000 -0.707107 0.353553 -0.612372 0.000000 -0.000000 0.866025 0.500000 0.000000 0.000000 0.000000 0.000000 1.000000
*ClippingRegion       709.437012 1466.528687 812.115906 1254.890625 -262.123718 367.642853
*WithMasking true
